A = [10 2 1 ; 2 1 -2 ; 1 -2 10 ] 

A = 
